14.445492289563862
10.680018532432266
8.433681628672224
3.781088136543401
1.4958763455262145
1.563685215986852
0.29929174507884654
0.33341428314594534
0.40200037196063193
0.24785701629792678
1.215472531358208
2.275916178669973
4.214128069945547
8.924755356171435
4.97637967715331
7.75551168433429
6.182839653275649
11.889428838038864
20.667891247340997
115.51073762992102
137.12916902031284
289.0312241923251
717.0367225720183
983.6055546089041
1185.150500704475
1009.7378992180703
946.1486544371106
972.454109667026
908.9732857049751
797.6230233335393
782.7494837669411
1044.1309196063296
1053.6358620369215
932.6437413580545
891.3039830104642
840.3018644053446
779.5640300682771
797.8527962862577
574.1403153012794
604.8184761193065
441.7177368744
342.3908419270985
373.1154208293179
301.90941299103685
238.41845948593163
257.0090064125094
122.06573120156406
22.05406526521327
13.22974234571142
5.512769529827195
8.578098270572106
5.468629576632566
2.162354746567144
1.2379911628437594
0.8738342596819801
0.5170527694177709
0.3358919822910339
0.46423378345794564
1.5981959891038473
1.3521646607739781
5.345778412202629
4.2036604203694115
2.82246275153509
0.6908352942835605
2.2434412556255143
6.446327917612256
17.91270997934013
80.94315881980152
129.80929577606997
205.253064583482
494.66039118332094
593.8463475136394
575.8265723028917
552.8310534330885
599.4008346764211
523.4495882849014
574.1826288619684
554.2967399314894
496.28730699381947
457.1444004248051
502.61008893278614
457.78094123276406
432.7389291192996
421.817453400891
412.6334013127686
404.91409885488105
393.2639227490732
403.6104899957359
357.40079912881293
355.7337405108635
372.08047110722697
304.2313062396862
252.82467191862054
255.27236182384385
143.1549064926973
11.466980422663031
7.939437658536896
14.778303093873054
14.786361753079364
15.716173675870358
3.3740311154913227
0.7284533652152171
0.2993248729664466
0.21236925153448943
0.5693345626434612
0.14419690796332657
0.1959316867034338
0.8162792644622237
0.505162782308411
0.9989646546885083
1.4309955414621618
4.5003321315709055
11.1121807599579
17.775113711222897
26.32259547998175
25.296642714757326
35.42423285518325
54.469759780039794
137.03393984809688
360.8442368770166
327.3933921566228
325.31268906089736
350.11995649108405
333.95799058280414
333.9652622162004
319.76394643728577
325.3309585175972
275.32143237564
347.3009707651794
286.5947756890093
275.3587232813024
266.89322577235816
275.9046529524969
276.9690879466329
248.0444054265763
224.7157978845351
197.76516831049383
170.4845801805792
135.03301508133544
155.39283643992246
118.50914749453943
179.17826251337993
106.57600587423258
18.817900325822094
12.146276585629392
5.08154472661917
3.17011487077756
3.126001265013463
0.9903483612443653
1.9943359439496025
0.2980879966530936
0.08523842539772643
0.39165849545377573
0.532489218706871
0.25587260259660527
1.9278388906155393
5.043831621940021
8.400622876898678
4.080016028358902
9.140065132406683
9.599052383128868
18.286739569928702
-3.279321788382582
101.13885021179252
180.90206762551074
377.6691331703789
811.6015301761739
942.8784270462612
1082.2471020636146
1108.0863331296325
1085.2585857832885
1005.3202904912231
1014.2948038855669
965.0986654099526
1020.0476816048044
967.6194315306582
974.1307293840079
850.2955243661042
854.2994067932267
873.8981402263644
892.5970491524832
906.1882635203084
787.9864989321875
811.6142256891968
600.9642076493284
508.7121151976785
478.108682827543
450.32038248452034
256.23471712187455
411.0844317201401
175.22948020836856
22.69967379894161
30.13374836004052
7.188122357631048
6.2944781973413555
2.9430412982686995
1.0883807812451978
0.14242138126041184
0.08718913695678111
0.37985679681668044
-0.3427220377304352
1.3121856524369606
1.0046721440197404
1.5066939036829763
2.1403794397564178
5.024690176856887
4.3027133652871115
8.534736902243795
6.911986975569066
15.106410547078063
15.094984974136974
82.69163438050343
209.8163544931014
161.24959826603026
813.8791053813826
932.4587518584061
979.7313577944536
903.0222229540537
950.4517836222672
978.131346160052
845.4015749512761
798.5831110443798
777.6839721743748
785.5447973086588
827.0669544512913
796.8472617927482
723.578416786397
795.6684714390118
727.909146996153
733.9331483080823
563.1631455075084
668.428247548515
392.5170420936494
357.1527791544816
298.230029111318
296.82596641515033
200.47991844201988
317.67905224451647
171.3735644733067
28.210110134777633
27.03501567958599
9.145598413661808
9.716536873505731
7.7600133976916865
3.661959540836343
1.8480339137870165
0.22022120076970725
1.1799760949253948
5.506380344475353
1.7836809152931072
0.8211751575381946
3.430436928784589
3.075476756227915
3.747084471453923
2.1744664724642586
0.5129537723914703
5.746650164888177
5.680900226941439
33.01212032818401
120.11113357013393
207.90465921992316
304.53727004895086
769.7025313288148
1019.1444046928963
1004.2642490213136
968.3246549207895
982.519858278588
894.0191402237093
944.1561401973547
904.046005445314
878.5577749280625
797.0873671428242
932.7902462147857
954.0663656166834
867.5753151982258
857.9686725872493
809.9579124112892
875.8949653832369
788.4815202049255
818.0903124131225
518.9517249498059
522.1517174193241
414.3675498890982
401.4795198477009
257.2408072385749
339.8451675428776
188.44639328251563
23.48531434314345
22.477160581300378
19.155494465750827
18.529247113235797
19.872996016254277
5.8000662737345134
1.756427683166557
0.5709117795495164
0.4155690599695533
0.15173159718802656
0.1630617558512495
0.7528930877857878
2.3389841951318737
5.339883291421508
9.64270770060491
7.518829472630292
9.748255807247267
2.5480434433190142
8.52882520089256
27.208410021057702
114.55759189405046
206.0772832023312
222.33449791998703
704.069847631832
871.3178599509515
977.0982834625448
1032.5520319420643
1028.1816664056264
1006.061411547827
915.9608763787481
880.4081768331918
846.3379842031165
816.2009781016674
867.5488948356111
874.0014040057883
860.2787280893046
867.7969364249202
765.6641737843661
788.980120972911
620.0952214055355
768.825091476012
462.8482136208747
406.7490371225888
375.0923066587144
376.02890027784304
252.99909174402538
365.4855851164285
182.94293812963568
24.667470565871568
14.097870192006917
10.254829887376538
6.090197601152079
2.7773121416113593
1.2621437606498804
1.108255317861172
0.18058202346751895
0.05230066794960364
0.03074346502018662
0.112745668289161
0.8353984386426493
1.469662697412826
1.9284924756116244
4.1446240527488385
5.126178056959371
7.3432725062230215
6.774124834978444
11.949351074092863
15.182703478562281
118.15695458626618
133.939349275988
302.0007909036748
765.3453141364647
942.3453894537175
1094.5424360856014
977.9113440002433
1009.4756216159637
939.7484934017453
903.3255556615657
825.0046107846578
796.1144164937444
909.1558816981307
954.6215419585329
899.9116683067334
885.0076765353703
824.707859338364
768.3244126637196
755.7094164407462
556.9366723126725
545.8241511585013
401.6077289530036
336.6115551581081
345.6593063248734
305.8346725088692
258.89423307123906
233.536363700085
105.73329290478418
20.26750001623977
11.719374812059415
6.180466633854928
6.204280330660135
4.234110698776627
1.4885458592497416
0.2963362867156448
0.2126449308456824
0.05587953198744272
0.2518649610856656
0.3341021006344234
0.5895773721568747
1.663202349637601
4.7540664503999075
3.6352112744483285
1.7431150406113909
0.8908667947645446
3.1447389244599684
6.749664165567975
17.31586851937046
77.46066226309986
127.83320184350015
202.09119672115224
464.9609168321267
551.4641434141812
543.5191922329099
518.3281539475344
562.3352840872938
489.28758344201236
533.9727926207502
518.0116882641172
461.5794477755739
426.95051695174874
456.93297099401116
419.9372590724792
409.88428153920023
387.06647252069615
373.0925961111807
363.13162137883444
354.1501355343239
362.21943180314184
341.64437628015577
329.337398420195
334.90590833903366
284.6134833641068
231.5711509693926
241.15582553674886
126.36559730149017
10.012727474868564
7.592930356257053
13.759958358329893
14.238033063097278
12.65526841285892
1.8091550364812823
0.33017148303131355
0.08300242276283709
0.4234270581945545
0.08780422020893101
0.1337400230315964
0.21017831678827384
0.42616200417627675
0.7110831770951179
1.3347839735499727
1.36677806658621
5.052643753822944
9.550818381783909
15.174237647622121
22.617977492352217
23.542600845696967
32.74693400635805
52.746023270405914
156.28770446210638
314.8880093241226
305.8482714803167
314.42062755646845
308.22947781319556
297.63174567373613
305.57211305546144
296.2039618629814
300.1039599851176
244.69129635409698
314.51585224282474
254.2604121612912
251.86854519193443
232.81881684678206
240.9746056042459
244.01813985017972
237.90492502115254
217.80233150419997
193.93110793461017
169.3059729947525
126.29354154059133
154.4724470181576
120.39564235749619
161.4606939876354
93.83628971477174
17.394166178514624
9.123447807752113
3.909683758156622
2.929755912022047
2.487579774447787
1.0400543505970268
0.8896291761367622
0.13819672074908107
0.3965764772700854
0.05549807182611169
0.3388151688058263
1.1514845443583357
2.602557517958109
4.704378605837135
6.084520269970245
4.6942574725239785
8.24825093838723
9.316593909008382
18.01879887753898
3.1132925459213823
90.72458543041557
175.06091122940668
365.98942306501436
806.2804728096678
880.925814895871
1036.8042177960726
1025.2826257245574
1037.2572439486758
942.5688627793186
964.486621919015
911.0869004596802
978.8262674847576
944.5414174482237
941.5457521497738
820.2762459730811
823.1612955609813
857.6641791259979
873.553438933768
887.6515352015886
742.1681117070235
763.0350280982253
565.176732315306
505.0690217976161
466.9945436531523
422.63832919547144
286.657125086807
402.55552164825286
161.4274750524186
21.66849476764064
26.299896363822974
6.668935201343077
5.09246871154538
3.4230824236233057
0.5488670495564567
0.07913377274964235
0.005267459473549538
0.6371675160704894
0.08422091762190609
0.7601709938536839
0.4513022652556119
0.7906522361474165
1.6446972467773837
5.2378328876812
4.994910691715317
7.149595805873055
6.767160647721246
14.877188662503977
15.654457785952774
73.41137349148894
198.90403748090353
176.12364896194106
845.6626541332084
943.0434775961751
949.9274255630366
875.3834117811554
919.7962442826447
909.4557319928185
850.3737899885042
826.5146971480794
755.6269991552878
734.5790859240342
762.4876257264249
773.4874184675009
728.5505126854506
773.0611414039264
711.5996588467902
716.4241099972975
587.6187760078219
620.5251293624067
388.8400179340644
353.3351784238844
285.6637200543153
288.30990713960847
215.57000825080337
300.47275350986354
158.95755189031988
26.877339899909362
24.480432806266478
9.710953995912023
8.732524794826997
6.423442136214057
2.5741438783202373
0.7731812946801473
0.07710286329876562
0.4979859095408771
0.9777642958968038
0.871112992423336
0.6087179637312956
2.548317960663593
4.1739614558556415
3.350264675735008
1.1505769392114908
0.7413628996169778
5.37371286569477
6.097525443126075
32.67158471602541
120.59832071403568
209.86829869256638
304.0816009915862
793.6546248265184
1020.0747276043766
996.9060050098504
962.7093637710562
972.6885195000169
909.8147561935797
914.989348220791
883.0693999819221
874.3645802676264
809.9405176049538
900.0199690698978
917.0709095629963
865.8093928683963
861.747258477054
820.2297547523486
847.9726248686678
780.5501369762113
767.2729683936051
502.1221223206562
482.72960076366525
402.17361912031953
377.7098691662159
289.2242000024105
334.4340296952979
179.5420519652284
22.55846599218212
22.33810270775386
22.462630115043357
15.28298045144703
13.429808578562282
4.690771491379098
1.0047586602806193
0.4122915628417809
0.2515733106879312
0.15940956061000824
0.056564642638587626
0.33989164417711604
1.8100428075030974
5.908930873626299
10.088029501768592
6.561029555070552
8.158929612701058
4.223826490796875
8.352076324290005
25.30350643548894
114.65865818192898
213.42161059077205
243.61475639569852
764.5376783456707
893.8660134722192
924.1319535627438
939.690289063195
987.4130116503464
983.8049158484274
928.7632203582843
901.0138095567182
854.7505437574141
825.6871707398708
851.0863136247394
876.3432366101548
867.3315371402089
864.3961826155872
747.9749131784644
776.6141390785593
637.9612185706434
729.6051341863234
453.6595281214862
400.3380368943756
362.2695335170825
363.0482351421778
255.24109310319395
356.66384675265755
174.09591444110418
24.23405523831189
